4 -> (-1, -1)
0 -> (15, 0)
26 -> (-1, -1)
0 -> (5, 0)
4 -> (-1, -1)
0 -> (0, 0)
26 -> (-1, -1)
0 -> (6, 0)
4 -> (-1, -1)
0 -> (1, 0)
26 -> (-1, -1)
0 -> (2, 0)
3 -> (-1, -1)
33 -> (-1, -1)
0 -> (15, 0)
31 -> (-1, -1)
0 -> (0, 0)
34 -> (-1, -1)
36 -> (-1, -1)
3 -> (-1, -1)
33 -> (-1, -1)
0 -> (15, 0)
31 -> (-1, -1)
0 -> (1, 0)
34 -> (-1, -1)
36 -> (-1, -1)
6 -> (-1, -1)
0 -> (15, 0)
35 -> (-1, -1)
37 -> (-1, -1)
37 -> (-1, -1)
3 -> (-1, -1)
33 -> (-1, -1)
0 -> (0, 0)
31 -> (-1, -1)
0 -> (15, 0)
34 -> (-1, -1)
36 -> (-1, -1)
3 -> (-1, -1)
33 -> (-1, -1)
0 -> (0, 0)
31 -> (-1, -1)
0 -> (1, 0)
34 -> (-1, -1)
36 -> (-1, -1)
6 -> (-1, -1)
0 -> (0, 0)
35 -> (-1, -1)
37 -> (-1, -1)
37 -> (-1, -1)
6 -> (-1, -1)
0 -> (1, 0)
35 -> (-1, -1)
